0.0 1.0
1.0 33.6
2.0 21.0
3.0 49.3
4.0 26.2
5.0 25.2
6.0 15.4
7.0 19.9
8.0 19.9
9.0 18.9
10.0 39.8
11.0 19.9
12.0 27.3
13.0 12.6
14.0 17.5
15.0 11.5
16.0 11.3
17.0 11.4
18.0 18.2
19.0 28.3
20.0 26.2
21.0 41.9
22.0 19.0
23.0 28.3
24.0 19.3
25.0 19.9
26.0 27.3
27.0 12.7
28.0 9.90
29.0 12.9
30.0 24.1
31.0 27.3
32.0 13.3
33.0 15.5
34.0 10.4
35.0 21.0
36.0 27.3
37.0 12.8
38.0 9.90
39.0 34.6
40.0 34.6
41.0 34.6
42.0 19.8
43.0 13.6
44.0 18.0
45.0 19.9
46.0 11.1
47.0 19.3
48.0 21.0
49.0 19.9
50.0 33.6
51.0 27.3
52.0 13.6
53.0 26.3
54.0 13.6
55.0 22.0
56.0 33.6
57.0 19.9
58.0 28.3
59.0 27.3
60.0 12.2
61.0 34.6
62.0 17.6
63.0 28.0
64.0 17.1
65.0 14.1
66.0 29.4
67.0 17.8
68.0 17.5
69.0 28.3
70.0 27.3
71.0 37.7
72.0 27.2
73.0 12.9
74.0 4.66
75.0 9.32
76.0 10.9
77.0 17.8
78.0 27.3
79.0 26.3
80.0 13.5
81.0 28.3
82.0 28.3
83.0 47.2
84.0 15.2
85.0 10.9
86.0 28.3
87.0 15.6
88.0 27.3
89.0 16.8
90.0 28.3
91.0 18.9
92.0 27.3
93.0 49.2
94.0 8.32
95.0 19.9
96.0 17.8
97.0 14.0
98.0 10.9
99.0 23.3
100.0 17.8
101.0 37.7
102.0 22.6
103.0 16.6
104.0 11.4
105.0 16.0
106.0 6.73
107.0 12.9
108.0 14.6
109.0 28.4
110.0 16.8
111.0 28.3
112.0 25.8
113.0 17.1
114.0 15.6
115.0 29.4
116.0 37.7
117.0 28.0
118.0 28.3
119.0 27.1
120.0 5.18
121.0 35.7
122.0 28.3
123.0 27.3
124.0 17.6
125.0 26.0
126.0 22.6
127.0 17.8
128.0 28.3
129.0 28.3
130.0 28.3
131.0 27.3
132.0 19.9
133.0 27.1
134.0 12.4
135.0 18.9
136.0 27.8
137.0 18.9
138.0 10.5
139.0 9.32
140.0 23.1
141.0 17.9
142.0 28.3
143.0 28.3
144.0 18.4
145.0 28.3
146.0 28.3
147.0 15.7
148.0 34.5
149.0 27.3
150.0 37.7
151.0 16.9
152.0 12.5
153.0 18.5
154.0 16.0
155.0 10.9
156.0 16.2
157.0 26.4
158.0 17.6
159.0 28.3
160.0 28.3
161.0 28.3
162.0 28.3
163.0 23.5
164.0 18.9
165.0 25.5
166.0 10.4
167.0 6.21
168.0 11.4
169.0 9.84
170.0 15.0
171.0 17.2
172.0 27.3
173.0 12.9
174.0 12.9
175.0 11.9
176.0 8.28
177.0 6.21
178.0 8.28
179.0 8.80
180.0 16.0
181.0 10.9
182.0 7.25
183.0 9.84
184.0 11.4
185.0 15.5
186.0 25.1
187.0 17.9
188.0 15.0
189.0 16.6
190.0 16.7
191.0 18.0
192.0 17.8
193.0 18.0
194.0 18.0
195.0 16.0
196.0 27.3
197.0 26.7
198.0 18.9
199.0 28.3
200.0 27.3
201.0 29.4
202.0 25.2
203.0 18.4
204.0 12.5
205.0 16.1
206.0 36.7
207.0 19.9
208.0 47.2
209.0 28.3
210.0 30.4
211.0 28.3
212.0 27.2
213.0 17.9
214.0 10.9
215.0 9.32
216.0 13.6
217.0 27.0
218.0 27.3
219.0 29.4
220.0 37.7
221.0 37.7
222.0 28.3
223.0 38.1
224.0 16.8
225.0 27.3
226.0 27.1
227.0 18.9
228.0 15.7
229.0 18.0
230.0 16.7
231.0 27.8
232.0 28.3
233.0 28.3
234.0 17.5
235.0 18.9
236.0 28.3
237.0 29.4
238.0 28.3
239.0 17.8
240.0 15.0
241.0 26.3
242.0 17.2
243.0 29.4
244.0 27.3
245.0 16.3
246.0 28.3
247.0 38.8
248.0 27.3
249.0 28.3
250.0 28.3
251.0 16.2
252.0 39.8
253.0 22.2
254.0 19.2
255.0 12.4
256.0 18.9
257.0 17.9
258.0 16.6
259.0 12.9
260.0 7.76
261.0 10.4
262.0 12.4
263.0 17.6
264.0 10.4
265.0 19.2
266.0 4.66
267.0 8.80
268.0 8.28
269.0 12.5
270.0 23.2
271.0 17.6
272.0 21.4
273.0 19.6
274.0 20.2
275.0 21.8
276.0 34.6
277.0 23.1
278.0 20.5
279.0 33.5
280.0 24.1
281.0 23.0
282.0 17.6
283.0 20.2
284.0 9.84
285.0 14.5
286.0 16.8
287.0 34.5
288.0 21.9
289.0 17.0
290.0 34.6
291.0 22.4
292.0 22.6
293.0 15.0
294.0 19.7
295.0 18.2
296.0 20.6
297.0 19.3
298.0 33.6
299.0 34.6
300.0 18.8
301.0 34.6
302.0 34.1
303.0 17.6
304.0 6.21
305.0 16.2
306.0 23.1
307.0 23.1
308.0 46.1
309.0 35.7
310.0 23.1
311.0 33.8
312.0 23.1
313.0 22.3
314.0 12.4
315.0 17.7
316.0 23.3
317.0 22.8
318.0 24.1
319.0 33.6
320.0 35.7
321.0 34.4
322.0 18.6
323.0 20.7
324.0 13.0
325.0 35.7
326.0 22.3
327.0 17.1
328.0 31.1
329.0 20.3
330.0 18.1
331.0 23.2
332.0 33.9
333.0 23.1
334.0 12.9
335.0 33.6
336.0 18.2
337.0 3.62
338.0 18.6
339.0 35.7
340.0 10.4
341.0 19.7
342.0 16.6
343.0 16.6
344.0 15.0
345.0 20.2
346.0 20.2
347.0 11.9
348.0 15.0
349.0 14.0
350.0 14.6
351.0 18.6
352.0 33.3
353.0 23.0
354.0 3.62
355.0 14.5
356.0 13.5
357.0 11.9
358.0 14.1
359.0 23.2
360.0 22.3
361.0 33.6
362.0 9.84
363.0 19.9
364.0 19.9
365.0 23.1
366.0 34.6
367.0 31.5
368.0 34.6
369.0 23.1
370.0 21.0
371.0 34.5
372.0 24.1
373.0 31.8
374.0 17.2
375.0 22.7
376.0 14.5
377.0 20.8
378.0 23.3
379.0 23.1
380.0 33.7
381.0 16.2
382.0 18.6
383.0 23.1
384.0 16.2
385.0 18.6
386.0 32.6
387.0 18.1
388.0 22.0
389.0 22.5
390.0 33.6
391.0 34.6
392.0 34.6
393.0 34.6
394.0 23.1
395.0 34.6
396.0 31.7
397.0 20.3
398.0 23.1
399.0 24.1
400.0 46.1
